pitch_id,pitch_type,velocity_mph,spin_rate_rpm,horiz_break_in,vert_break_in,release_height_ft,release_side_ft,release_consistency_score,plate_x_ft,plate_z_ft,count,outcome,exit_velocity_mph,launch_angle_deg
1,FB,96.2,2450,8.5,15.2,6.1,-1.8,92,0.15,2.9,0-0,Called Strike,,
2,SL,87.4,2650,-4.2,2.1,6.0,-1.7,89,-0.65,2.1,0-1,Swinging Strike,,
3,CH,84.1,1850,10.2,8.3,6.1,-1.9,91,0.25,1.8,1-1,Groundout,87.5,-5
4,FB,97.5,2520,9.1,16.0,6.2,-1.8,94,0.05,3.2,2-2,Foul,,
5,CB,79.8,2755,-6.5,-8.4,5.9,-1.6,85,-0.45,1.5,1-2,Called Strike,,
6,FB,95.8,2405,7.9,14.8,6.1,-1.8,93,0.35,2.7,3-2,Single,102.3,12
7,SL,86.9,2602,-3.8,1.9,6.0,-1.7,88,-0.72,2.4,0-2,Swinging Strike,,
8,CH,83.5,1780,11.0,7.5,6.1,-1.9,90,0.40,1.6,2-1,Flyout,94.6,28
9,FB,98.1,2550,9.8,16.4,6.2,-1.8,95,0.10,3.4,1-0,Home Run,108.7,27
10,CB,78.9,2801,-7.1,-9.0,5.8,-1.5,84,-0.55,1.3,0-2,Called Strike,,
11,FB,96.7,2488,8.7,15.5,6.1,-1.8,92,0.20,2.8,2-0,Foul,,
12,SL,88.2,2675,-4.5,2.4,6.0,-1.7,90,-0.68,2.0,1-2,Groundout,85.9,-3
13,CH,85.0,1905,10.5,8.7,6.1,-1.9,91,0.30,1.7,0-1,Swinging Strike,,
14,FB,97.9,2533,9.4,16.1,6.2,-1.8,94,0.05,3.1,2-1,Double,104.5,18
15,CB,80.2,2778,-6.8,-8.7,5.9,-1.6,86,-0.50,1.4,1-2,Groundout,89.3,-8
16,FB,95.4,2380,7.5,14.2,6.1,-1.8,91,0.25,2.6,3-1,Ball,,
17,SL,87.8,2620,-4.0,2.2,6.0,-1.7,89,-0.70,2.3,0-2,Swinging Strike,,
18,CH,84.6,1825,10.8,8.0,6.1,-1.9,92,0.38,1.9,1-1,Single,96.1,10
19,FB,96.9,2499,8.9,15.7,6.2,-1.8,93,0.12,3.0,2-2,Strikeout,,
20,CB,79.5,2790,-7.0,-8.9,5.8,-1.5,85,-0.48,1.2,0-2,Swinging Strike,,
